EDDI_ETrs_02mn_19800131.asc
ncols 464
nrows 224
xllcorner -125.000
yllcorner   25.000
cellsize 0.125
nodata_value -9999.
[rows 48 to 71 of 224, columns 265 to 317 of 464]
0.464627624 0.389005065 -0.388260841 -1.01072168 -1.27594364 -1.45053482 -1.68564880 -2.08748627 -2.08748627 -2.08748627 -2.08748627 -2.08748627 -2.08748627 -2.08748627 -2.08748627 -2.08748627 -2.08748627 -1.68564880 -1.27594364 -1.27594364 -1.68564880 -1.68564880 -2.08748627 -1.68564880 -1.45053482 -1.27594364 -1.45053482 -1.68564880 -1.68564880 -1.45053482 -1.01072168 -0.901636541 -0.463858843 -0.388260841 -0.243119478 -0.103089929 -0.172659755 -0.172659755 -0.243119478 -0.314845204 -0.388260841 -0.463858843 -0.463858843 -0.463858843 -0.388260841 -0.314845204 -0.243119478 -0.243119478 -0.314845204 -0.243119478 -0.103089929 -0.243119478 -0.172659755
0.464627624 0.173359394 -0.542228580 -1.13337469 -1.68564880 -1.68564880 -2.08748627 -2.08748627 -2.08748627 -2.08748627 -2.08748627 -2.08748627 -2.08748627 -2.08748627 -2.08748627 -2.08748627 -2.08748627 -1.68564880 -1.45053482 -1.68564880 -2.08748627 -2.08748627 -2.08748627 -1.68564880 -1.01072168 -1.01072168 -1.01072168 -1.13337469 -1.27594364 -1.13337469 -0.901636541 -0.624097228 -0.542228580 -0.542228580 -0.172659755 -3.40657234E-02 -0.103089929 -0.103089929 -0.172659755 -0.172659755 -0.172659755 -0.172659755 -0.243119478 -0.243119478 -0.243119478 -0.172659755 -3.40657234E-02 -0.172659755 -0.243119478 -0.172659755 -0.172659755 -0.243119478 -0.243119478
0.315570116 3.47542763E-02 -0.388260841 -0.802342713 -1.13337469 -1.27594364 -1.45053482 -2.08748627 -2.08748627 -2.08748627 -2.08748627 -2.08748627 -2.08748627 -2.08748627 -2.08748627 -2.08748627 -2.08748627 -2.08748627 -2.08748627 -2.08748627 -2.08748627 -2.08748627 -1.68564880 -1.01072168 -0.802342713 -0.802342713 -0.901636541 -0.901636541 -1.01072168 -0.901636541 -0.901636541 -0.624097228 -0.542228580 -0.542228580 -0.103089929 -3.40657234E-02 -3.40657234E-02 -0.103089929 -0.172659755 -0.172659755 -0.103089929 -0.103089929 -3.40657234E-02 -3.40657234E-02 -3.40657234E-02 -3.40657234E-02 3.47542763E-02 0.103782177 0.173359394 0.103782177 3.47542763E-02 -0.388260841 -0.463858843
0.173359394 3.47542763E-02 -0.103089929 -0.172659755 -0.710393012 -0.901636541 -1.45053482 -2.08748627 -2.08748627 -2.08748627 -2.08748627 -2.08748627 -2.08748627 -2.08748627 -2.08748627 -2.08748627 -2.08748627 -1.01072168 -1.01072168 -1.01072168 -0.901636541 -0.901636541 -0.901636541 -0.901636541 -0.802342713 -0.802342713 -0.802342713 -0.802342713 -0.802342713 -0.802342713 -0.802342713 -0.624097228 -0.542228580 -0.388260841 -0.103089929 -3.40657234E-02 -3.40657234E-02 -0.103089929 -0.172659755 -3.40657234E-02 3.47542763E-02 0.103782177 0.103782177 3.47542763E-02 -3.40657234E-02 -3.40657234E-02 0.173359394 0.464627624 0.624936581 0.624936581 0.315570116 -3.40657234E-02 -0.388260841
0.243829846 3.47542763E-02 -0.103089929 -0.243119478 -0.624097228 -0.710393012 -1.01072168 -1.01072168 -0.802342713 -0.710393012 -0.901636541 -1.45053482 -2.08748627 -2.08748627 -2.08748627 -2.08748627 -1.27594364 -0.901636541 -0.802342713 -0.710393012 -0.624097228 -0.624097228 -0.624097228 -0.710393012 -0.710393012 -0.710393012 -0.710393012 -0.710393012 -0.624097228 -0.542228580 -0.463858843 -0.388260841 -0.463858843 -0.388260841 -0.103089929 -0.103089929 -0.172659755 -0.172659755 -0.243119478 -3.40657234E-02 0.315570116 0.711282074 0.543028355 0.315570116 0.173359394 0.173359394 0.543028355 0.711282074 0.902673662 0.624936581 0.543028355 0.315570116 -3.40657234E-02
0.243829846 3.47542763E-02 -0.172659755 -0.388260841 -0.463858843 -0.624097228 -0.624097228 -0.624097228 -0.542228580 -0.314845204 -0.243119478 -0.463858843 -0.624097228 -0.624097228 -0.802342713 -0.802342713 -0.802342713 -0.710393012 -0.710393012 -0.542228580 -0.542228580 -0.542228580 -0.542228580 -0.624097228 -0.542228580 -0.624097228 -0.624097228 -0.624097228 -0.542228580 -0.388260841 -0.314845204 -0.314845204 -0.314845204 -0.388260841 -0.314845204 -0.243119478 -0.388260841 -0.388260841 -0.243119478 -3.40657234E-02 0.464627624 0.803295732 0.624936581 0.464627624 0.173359394 0.543028355 0.711282074 0.803295732 0.902673662 0.803295732 0.711282074 0.464627624 0.315570116
0.103782177 -0.103089929 -0.243119478 -0.314845204 -0.314845204 -0.243119478 -0.172659755 -0.243119478 -0.314845204 -0.172659755 -0.243119478 -0.314845204 -0.463858843 -0.463858843 -0.802342713 -0.710393012 -0.710393012 -0.624097228 -0.542228580 -0.542228580 -0.542228580 -0.542228580 -0.542228580 -0.542228580 -0.542228580 -0.463858843 -0.314845204 -0.314845204 -0.314845204 -0.243119478 -0.172659755 -0.243119478 -0.388260841 -0.388260841 -0.388260841 -0.388260841 -0.388260841 -0.388260841 -0.388260841 -0.172659755 0.103782177 0.315570116 0.464627624 0.464627624 0.464627624 0.543028355 0.711282074 0.902673662 1.01187325 1.01187325 0.902673662 0.711282074 0.624936581
-0.103089929 -0.314845204 -0.542228580 -0.542228580 -0.542228580 -0.463858843 -0.388260841 -0.314845204 -0.243119478 -0.172659755 -0.103089929 -0.172659755 -0.172659755 -0.388260841 -0.624097228 -0.624097228 -0.624097228 -0.542228580 -0.542228580 -0.542228580 -0.542228580 -0.542228580 -0.542228580 -0.542228580 -0.463858843 -0.314845204 3.47542763E-02 3.47542763E-02 -0.103089929 -0.172659755 -0.172659755 -0.243119478 -0.243119478 -0.314845204 -0.388260841 -0.463858843 -0.388260841 -0.388260841 -0.388260841 -0.388260841 -0.388260841 0.243829846 0.543028355 0.803295732 0.711282074 0.624936581 0.624936581 0.711282074 0.711282074 0.803295732 0.902673662 0.803295732 0.711282074
3.47542763E-02 -0.542228580 -0.710393012 -0.710393012 -0.710393012 -0.624097228 -0.542228580 -0.314845204 -0.314845204 -0.172659755 -0.172659755 -0.172659755 -0.243119478 -0.388260841 -0.542228580 -0.624097228 -0.624097228 -0.624097228 -0.542228580 -0.542228580 -0.542228580 -0.542228580 -0.542228580 -0.542228580 -0.463858843 -0.243119478 -0.103089929 -0.103089929 -3.40657234E-02 -3.40657234E-02 -0.103089929 -0.172659755 -0.243119478 -0.172659755 -0.243119478 -0.388260841 -0.388260841 -0.243119478 -0.103089929 -0.103089929 0.173359394 0.464627624 0.543028355 0.803295732 0.803295732 0.543028355 0.389005065 0.315570116 0.464627624 0.543028355 0.624936581 0.543028355 0.543028355
0.103782177 -0.542228580 -0.802342713 -0.802342713 -0.710393012 -0.710393012 -0.624097228 -0.463858843 -0.314845204 -0.243119478 -0.172659755 -0.172659755 -0.314845204 -0.314845204 -0.463858843 -0.542228580 -0.624097228 -0.624097228 -0.542228580 -0.542228580 -0.542228580 -0.542228580 -0.542228580 -0.542228580 -0.463858843 -0.243119478 -0.103089929 -0.103089929 -3.40657234E-02 3.47542763E-02 -3.40657234E-02 -0.172659755 -0.172659755 -0.103089929 -0.172659755 -0.172659755 -0.172659755 -3.40657234E-02 0.243829846 0.464627624 0.464627624 0.464627624 0.543028355 0.543028355 0.464627624 0.173359394 0.103782177 0.103782177 0.103782177 0.103782177 0.173359394 0.243829846 0.173359394
0.103782177 -0.802342713 -0.901636541 -0.901636541 -1.01072168 -1.01072168 -0.901636541 -0.710393012 -0.710393012 -0.463858843 -0.388260841 -0.172659755 -0.243119478 -0.243119478 -0.243119478 -0.314845204 -0.542228580 -0.624097228 -0.542228580 -0.542228580 -0.542228580 -0.542228580 -0.624097228 -0.624097228 -0.624097228 -0.463858843 -0.243119478 -0.103089929 3.47542763E-02 3.47542763E-02 3.47542763E-02 -0.103089929 -0.172659755 -3.40657234E-02 3.47542763E-02 3.47542763E-02 0.103782177 0.173359394 0.389005065 0.464627624 0.315570116 0.315570116 0.173359394 0.103782177 3.47542763E-02 0.103782177 0.103782177 0.103782177 0.103782177 0.103782177 0.103782177 0.173359394 0.173359394
-3.40657234E-02 -0.542228580 -0.710393012 -0.901636541 -1.01072168 -1.01072168 -1.13337469 -1.13337469 -1.01072168 -0.710393012 -0.388260841 -0.172659755 -0.314845204 -0.388260841 -0.463858843 -0.542228580 -0.624097228 -0.624097228 -0.624097228 -0.542228580 -0.542228580 -0.542228580 -0.624097228 -0.624097228 -0.710393012 -0.710393012 -0.388260841 -0.243119478 -0.103089929 -0.103089929 -3.40657234E-02 -0.172659755 -3.40657234E-02 3.47542763E-02 0.243829846 0.315570116 0.315570116 0.243829846 0.243829846 0.173359394 0.173359394 0.173359394 0.173359394 3.47542763E-02 3.47542763E-02 0.103782177 0.103782177 0.103782177 0.103782177 0.103782177 0.103782177 3.47542763E-02 3.47542763E-02
-0.172659755 -0.243119478 -0.542228580 -0.710393012 -0.901636541 -1.01072168 -1.01072168 -1.27594364 -1.13337469 -0.802342713 -0.542228580 -0.314845204 -0.314845204 -0.542228580 -0.624097228 -0.624097228 -0.624097228 -0.624097228 -0.542228580 -0.624097228 -0.624097228 -0.624097228 -0.802342713 -0.802342713 -0.802342713 -0.710393012 -0.463858843 -0.243119478 -0.103089929 -0.172659755 -0.172659755 -0.172659755 3.47542763E-02 3.47542763E-02 0.173359394 0.243829846 0.173359394 3.47542763E-02 0.103782177 0.103782177 0.103782177 0.103782177 0.103782177 -3.40657234E-02 -3.40657234E-02 -3.40657234E-02 3.47542763E-02 3.47542763E-02 3.47542763E-02 3.47542763E-02 3.47542763E-02 -3.40657234E-02 -3.40657234E-02
-0.103089929 -0.314845204 -0.388260841 -0.624097228 -0.710393012 -0.710393012 -1.13337469 -1.27594364 -1.27594364 -1.01072168 -0.901636541 -0.542228580 -0.388260841 -3.40657234E-02 -3.40657234E-02 -0.314845204 -0.463858843 -0.463858843 -0.463858843 -0.463858843 -0.624097228 -0.802342713 -0.624097228 -0.624097228 -0.624097228 -0.710393012 -0.624097228 -0.542228580 -0.388260841 -0.314845204 -0.314845204 -0.103089929 3.47542763E-02 -0.103089929 0.103782177 0.103782177 0.103782177 0.103782177 0.103782177 3.47542763E-02 0.103782177 3.47542763E-02 -3.40657234E-02 -0.103089929 -0.243119478 -0.314845204 -0.243119478 -0.243119478 -0.172659755 -0.103089929 -3.40657234E-02 3.47542763E-02 -3.40657234E-02
-0.314845204 -0.314845204 -0.388260841 -0.388260841 -0.542228580 -0.710393012 -0.901636541 -1.13337469 -1.27594364 -1.27594364 -1.45053482 -0.542228580 0.173359394 0.464627624 0.464627624 -3.40657234E-02 -0.314845204 -0.463858843 -0.314845204 -0.243119478 -0.243119478 -0.314845204 -0.463858843 -0.542228580 -0.542228580 -0.624097228 -0.710393012 -0.710393012 -0.542228580 -0.314845204 -0.243119478 -3.40657234E-02 3.47542763E-02 0.173359394 0.103782177 0.103782177 3.47542763E-02 -3.40657234E-02 -3.40657234E-02 -3.40657234E-02 -0.103089929 -0.172659755 -0.172659755 -0.243119478 -0.243119478 -0.243119478 -0.314845204 -0.388260841 -0.314845204 -0.172659755 -0.172659755 -0.172659755 -0.388260841
-0.463858843 -0.388260841 -0.388260841 -0.314845204 -0.388260841 -0.542228580 -0.802342713 -0.901636541 -1.01072168 -1.13337469 -1.13337469 -0.624097228 -0.103089929 0.389005065 0.315570116 -3.40657234E-02 -0.243119478 -0.314845204 -0.103089929 0.243829846 0.389005065 0.315570116 0.243829846 0.243829846 0.173359394 -0.243119478 -0.542228580 -0.542228580 -0.314845204 -0.103089929 3.47542763E-02 0.103782177 0.173359394 0.315570116 0.315570116 0.173359394 0.103782177 -3.40657234E-02 -3.40657234E-02 -3.40657234E-02 -0.103089929 -0.243119478 -0.314845204 -0.388260841 -0.388260841 -0.388260841 -0.388260841 -0.314845204 -0.243119478 -0.314845204 -0.314845204 -0.314845204 -0.314845204
-0.172659755 -0.172659755 -0.243119478 -0.314845204 -0.388260841 -0.388260841 -0.542228580 -0.710393012 -1.01072168 -1.13337469 -1.13337469 -1.01072168 -0.463858843 -0.243119478 -0.172659755 -0.103089929 -0.103089929 3.47542763E-02 0.389005065 0.464627624 0.464627624 0.711282074 0.624936581 0.624936581 0.464627624 0.103782177 -3.40657234E-02 0.243829846 0.464627624 0.624936581 0.711282074 0.624936581 0.624936581 0.711282074 0.389005065 0.243829846 0.103782177 -0.103089929 -3.40657234E-02 -3.40657234E-02 -3.40657234E-02 -0.172659755 -0.314845204 -0.314845204 -0.314845204 -0.172659755 -0.243119478 -0.172659755 -0.243119478 -0.388260841 -0.388260841 -0.172659755 -0.103089929
-0.103089929 -0.172659755 -0.314845204 -0.314845204 -0.172659755 -0.172659755 -0.314845204 -0.542228580 -0.624097228 -0.624097228 -0.802342713 -0.901636541 -0.901636541 -0.463858843 -0.243119478 0.243829846 0.315570116 0.464627624 0.543028355 0.543028355 0.624936581 0.711282074 0.711282074 0.624936581 0.543028355 0.464627624 0.315570116 0.464627624 0.803295732 0.902673662 0.902673662 0.902673662 0.902673662 0.711282074 0.543028355 0.315570116 3.47542763E-02 -3.40657234E-02 -3.40657234E-02 -0.103089929 -3.40657234E-02 -3.40657234E-02 -0.172659755 -0.314845204 -0.243119478 -3.40657234E-02 -3.40657234E-02 -3.40657234E-02 -0.243119478 -0.243119478 -0.243119478 3.47542763E-02 0.389005065
0.173359394 -0.103089929 -0.172659755 -3.40657234E-02 -3.40657234E-02 -3.40657234E-02 -3.40657234E-02 -0.243119478 -0.463858843 -0.463858843 -0.463858843 -0.542228580 -0.624097228 -0.314845204 -3.40657234E-02 0.243829846 0.464627624 0.543028355 0.543028355 0.711282074 0.711282074 0.711282074 0.711282074 0.711282074 0.624936581 0.543028355 0.543028355 0.711282074 0.902673662 0.902673662 0.902673662 0.902673662 0.902673662 0.902673662 0.624936581 0.389005065 0.173359394 0.173359394 3.47542763E-02 -3.40657234E-02 -3.40657234E-02 -0.172659755 -0.243119478 -0.243119478 -3.40657234E-02 -0.103089929 -0.103089929 -0.172659755 -0.172659755 -0.243119478 -0.172659755 -3.40657234E-02 0.315570116
0.315570116 0.103782177 -0.172659755 -0.172659755 -0.103089929 -3.40657234E-02 -0.103089929 -0.103089929 -0.172659755 -0.172659755 -0.314845204 -0.388260841 -0.388260841 -0.243119478 3.47542763E-02 0.315570116 0.315570116 0.543028355 0.543028355 0.711282074 0.711282074 0.803295732 0.803295732 0.803295732 0.624936581 0.624936581 0.803295732 0.902673662 0.902673662 1.01187325 0.902673662 0.902673662 0.902673662 0.902673662 0.624936581 0.315570116 0.173359394 0.173359394 3.47542763E-02 -3.40657234E-02 -0.172659755 -0.172659755 -0.172659755 -0.172659755 -0.103089929 -3.40657234E-02 -0.103089929 -0.103089929 -0.103089929 -0.103089929 -0.103089929 -0.172659755 -3.40657234E-02
0.624936581 0.543028355 0.315570116 3.47542763E-02 -3.40657234E-02 -0.103089929 -0.103089929 -0.103089929 -0.103089929 -0.103089929 -0.103089929 3.47542763E-02 3.47542763E-02 0.173359394 0.243829846 0.389005065 0.464627624 0.543028355 0.624936581 0.711282074 0.803295732 0.803295732 0.803295732 0.803295732 0.902673662 0.902673662 0.902673662 0.902673662 0.902673662 0.902673662 0.902673662 0.902673662 0.902673662 0.902673662 0.464627624 0.243829846 0.243829846 0.173359394 3.47542763E-02 -3.40657234E-02 -0.172659755 -0.172659755 -0.172659755 -3.40657234E-02 -3.40657234E-02 -0.103089929 -0.172659755 -0.103089929 -0.103089929 -0.103089929 3.47542763E-02 -3.40657234E-02 0.103782177
1.01187325 1.01187325 0.803295732 0.624936581 0.173359394 -3.40657234E-02 3.47542763E-02 0.103782177 3.47542763E-02 0.173359394 0.243829846 0.389005065 0.389005065 0.389005065 0.624936581 0.624936581 0.711282074 0.803295732 0.803295732 0.803295732 0.803295732 0.803295732 0.902673662 0.902673662 0.902673662 0.902673662 0.902673662 1.01187325 1.01187325 1.01187325 1.01187325 0.902673662 0.902673662 0.711282074 0.389005065 0.243829846 0.243829846 0.243829846 3.47542763E-02 -3.40657234E-02 -0.103089929 -0.172659755 -3.40657234E-02 -0.103089929 -3.40657234E-02 3.47542763E-02 -0.103089929 -0.103089929 -0.103089929 3.47542763E-02 0.173359394 0.173359394 0.389005065
1.13468778 1.13468778 1.01187325 0.803295732 0.315570116 0.173359394 0.464627624 0.464627624 0.543028355 0.464627624 0.464627624 0.464627624 0.543028355 0.711282074 0.803295732 0.711282074 0.711282074 0.711282074 0.711282074 0.803295732 0.902673662 0.902673662 0.902673662 0.902673662 0.902673662 0.902673662 0.902673662 0.902673662 0.902673662 1.01187325 1.01187325 1.01187325 0.902673662 0.624936581 0.315570116 0.315570116 0.243829846 0.243829846 0.173359394 -0.103089929 -3.40657234E-02 -0.103089929 0.103782177 0.173359394 0.389005065 0.315570116 0.315570116 0.389005065 0.315570116 0.389005065 0.464627624 0.543028355 0.543028355
1.01187325 1.01187325 0.902673662 0.711282074 0.464627624 0.464627624 0.543028355 0.543028355 0.543028355 0.624936581 0.624936581 0.711282074 0.624936581 0.711282074 0.803295732 0.803295732 0.803295732 0.803295732 0.902673662 0.902673662 1.01187325 1.01187325 0.902673662 0.902673662 0.902673662 1.01187325 1.01187325 1.01187325 1.01187325 1.01187325 1.01187325 1.01187325 0.902673662 0.464627624 0.315570116 0.315570116 0.315570116 0.315570116 0.243829846 0.173359394 -3.40657234E-02 0.103782177 0.243829846 0.389005065 0.464627624 0.389005065 0.389005065 0.624936581 0.543028355 0.711282074 0.711282074 0.711282074 0.803295732
