EDDI_ETrs_02mn_19800131.asc
ncols 464
nrows 224
xllcorner -125.000
yllcorner   25.000
cellsize 0.125
nodata_value -9999.
[rows 72 to 95 of 224, columns 159 to 211 of 464]
1.45251298 1.27750206 0.902673662 0.624936581 0.624936581 0.543028355 0.389005065 0.389005065 0.389005065 0.624936581 1.01187325 1.13468778 1.45251298 1.27750206 1.27750206 1.27750206 1.27750206 1.27750206 1.27750206 1.27750206 1.27750206 1.13468778 1.13468778 1.27750206 1.45251298 1.45251298 1.45251298 1.45251298 1.27750206 1.13468778 1.13468778 1.13468778 1.01187325 0.902673662 0.902673662 0.803295732 0.803295732 0.803295732 0.711282074 0.902673662 1.45251298 1.68851018 1.68851018 1.68851018 1.68851018 1.68851018 1.68851018 1.45251298 1.45251298 1.01187325 1.01187325 0.902673662 0.902673662
1.27750206 1.01187325 0.711282074 0.389005065 0.315570116 0.173359394 0.103782177 0.103782177 0.103782177 0.103782177 0.389005065 1.01187325 1.13468778 1.27750206 1.27750206 1.27750206 1.27750206 1.27750206 1.27750206 1.27750206 1.13468778 1.13468778 1.13468778 1.13468778 1.27750206 1.45251298 1.27750206 1.27750206 1.13468778 1.13468778 1.13468778 1.13468778 0.902673662 0.902673662 0.902673662 0.803295732 0.803295732 0.803295732 0.624936581 0.803295732 1.01187325 1.27750206 1.68851018 1.68851018 1.68851018 1.68851018 1.68851018 1.45251298 1.27750206 1.01187325 1.01187325 0.902673662 0.902673662
1.27750206 0.902673662 0.711282074 0.389005065 0.389005065 0.103782177 0.103782177 0.103782177 0.103782177 0.243829846 0.803295732 1.13468778 1.13468778 1.27750206 1.27750206 1.27750206 1.27750206 1.27750206 1.27750206 1.13468778 1.13468778 1.13468778 1.13468778 1.13468778 1.13468778 1.13468778 1.27750206 1.27750206 1.13468778 1.13468778 1.13468778 1.13468778 0.902673662 0.902673662 0.902673662 0.803295732 0.803295732 0.624936581 0.543028355 0.624936581 0.711282074 0.711282074 1.13468778 1.45251298 1.68851018 1.45251298 1.45251298 1.27750206 1.13468778 1.01187325 1.01187325 1.01187325 0.803295732
0.902673662 0.803295732 0.803295732 0.464627624 0.389005065 -3.40657234E-02 3.47542763E-02 0.103782177 0.315570116 0.543028355 0.711282074 1.13468778 1.13468778 1.13468778 1.13468778 1.27750206 1.27750206 1.27750206 1.27750206 1.27750206 1.13468778 1.13468778 1.13468778 1.13468778 1.13468778 1.13468778 1.13468778 1.13468778 1.13468778 1.13468778 0.902673662 0.902673662 0.902673662 0.803295732 0.711282074 0.624936581 0.624936581 0.464627624 0.464627624 0.464627624 0.464627624 0.543028355 0.803295732 1.45251298 1.45251298 1.45251298 1.27750206 1.01187325 1.01187325 0.902673662 0.902673662 0.803295732 0.711282074
0.902673662 0.803295732 0.803295732 0.624936581 0.464627624 0.464627624 0.464627624 0.464627624 0.543028355 0.711282074 1.01187325 1.01187325 1.13468778 1.13468778 1.13468778 1.13468778 1.13468778 1.27750206 1.27750206 1.27750206 1.13468778 1.13468778 1.13468778 1.13468778 1.13468778 1.13468778 1.13468778 1.01187325 1.01187325 1.01187325 0.902673662 0.803295732 0.711282074 0.624936581 0.624936581 0.543028355 0.543028355 0.389005065 0.389005065 0.389005065 0.389005065 0.389005065 0.624936581 0.711282074 0.902673662 0.902673662 0.902673662 0.902673662 0.803295732 0.803295732 0.803295732 0.711282074 0.711282074
1.27750206 1.01187325 0.803295732 0.803295732 0.711282074 0.711282074 0.543028355 0.543028355 0.624936581 0.803295732 0.902673662 1.01187325 1.13468778 1.13468778 1.13468778 1.13468778 1.13468778 1.13468778 1.13468778 1.27750206 1.13468778 1.13468778 1.13468778 1.13468778 1.13468778 1.13468778 1.13468778 1.01187325 1.01187325 1.01187325 0.902673662 0.624936581 0.624936581 0.624936581 0.543028355 0.543028355 0.543028355 0.389005065 0.389005065 0.389005065 0.389005065 0.389005065 0.389005065 0.389005065 0.464627624 0.464627624 0.464627624 0.543028355 0.543028355 0.624936581 0.624936581 0.624936581 0.624936581
1.27750206 1.13468778 1.01187325 0.902673662 0.803295732 0.803295732 0.803295732 0.803295732 0.902673662 0.902673662 0.902673662 1.01187325 1.01187325 1.01187325 1.01187325 1.01187325 1.01187325 1.01187325 1.13468778 1.13468778 1.01187325 0.902673662 1.13468778 1.13468778 1.13468778 1.13468778 1.13468778 1.13468778 1.01187325 1.01187325 0.803295732 0.624936581 0.624936581 0.543028355 0.464627624 0.464627624 0.464627624 0.464627624 0.389005065 0.389005065 0.389005065 0.389005065 0.389005065 0.389005065 0.389005065 0.389005065 0.389005065 0.389005065 0.315570116 0.389005065 0.543028355 0.543028355 0.543028355
1.27750206 1.27750206 1.27750206 1.13468778 1.13468778 1.13468778 1.01187325 1.01187325 0.902673662 0.902673662 1.01187325 1.01187325 1.01187325 1.01187325 1.01187325 1.01187325 1.01187325 1.01187325 1.01187325 1.01187325 1.01187325 1.01187325 1.01187325 1.13468778 1.13468778 1.13468778 1.13468778 1.01187325 0.902673662 0.803295732 0.543028355 0.464627624 0.543028355 0.543028355 0.624936581 0.624936581 0.624936581 0.464627624 0.389005065 0.389005065 0.389005065 0.389005065 0.389005065 0.389005065 0.389005065 0.389005065 0.315570116 0.243829846 0.243829846 0.315570116 0.315570116 0.389005065 0.389005065
1.27750206 1.27750206 1.27750206 1.27750206 1.27750206 1.27750206 1.13468778 1.13468778 1.13468778 1.01187325 1.01187325 1.01187325 0.902673662 0.902673662 0.803295732 0.803295732 0.803295732 1.01187325 1.01187325 1.01187325 1.01187325 1.01187325 1.01187325 1.01187325 1.13468778 1.13468778 0.902673662 0.624936581 0.464627624 0.389005065 0.315570116 0.389005065 0.389005065 0.389005065 0.543028355 0.464627624 0.464627624 0.389005065 0.389005065 0.389005065 0.389005065 0.389005065 0.389005065 0.389005065 0.389005065 0.315570116 0.173359394 0.173359394 0.173359394 0.173359394 0.243829846 0.243829846 0.389005065
1.13468778 1.27750206 1.27750206 1.27750206 1.27750206 1.13468778 1.13468778 1.13468778 1.01187325 1.01187325 0.902673662 0.803295732 0.803295732 0.803295732 0.803295732 0.803295732 0.803295732 0.803295732 0.803295732 0.803295732 0.711282074 0.711282074 0.803295732 0.902673662 0.902673662 0.624936581 0.624936581 0.315570116 0.243829846 0.243829846 0.173359394 0.173359394 0.243829846 0.389005065 0.389005065 0.389005065 0.389005065 0.389005065 0.389005065 0.389005065 0.389005065 0.389005065 0.389005065 0.389005065 0.315570116 0.173359394 0.173359394 0.173359394 0.173359394 0.173359394 0.173359394 0.243829846 0.243829846
1.13468778 1.01187325 1.13468778 1.13468778 1.13468778 1.13468778 1.01187325 1.01187325 1.01187325 0.902673662 0.543028355 0.543028355 0.543028355 0.624936581 0.711282074 0.711282074 0.803295732 0.803295732 0.711282074 0.624936581 0.464627624 0.464627624 0.464627624 0.464627624 0.464627624 0.389005065 0.389005065 0.173359394 0.103782177 0.103782177 0.103782177 0.173359394 0.173359394 0.173359394 0.389005065 0.389005065 0.389005065 0.389005065 0.389005065 0.389005065 0.389005065 0.389005065 0.315570116 0.315570116 0.315570116 0.173359394 0.173359394 0.173359394 0.173359394 0.173359394 0.173359394 0.173359394 0.243829846
0.803295732 0.803295732 0.803295732 0.803295732 0.803295732 0.803295732 0.803295732 0.803295732 0.711282074 0.624936581 0.543028355 0.389005065 0.543028355 0.543028355 0.624936581 0.624936581 0.624936581 0.624936581 0.624936581 0.464627624 0.315570116 0.173359394 0.173359394 0.173359394 0.243829846 0.173359394 0.103782177 0.103782177 0.103782177 3.47542763E-02 -3.40657234E-02 0.173359394 0.173359394 0.173359394 0.173359394 0.173359394 0.173359394 0.243829846 0.315570116 0.315570116 0.315570116 0.315570116 0.315570116 0.243829846 0.243829846 0.243829846 0.243829846 0.173359394 0.173359394 0.173359394 0.173359394 0.103782177 0.243829846
0.624936581 0.711282074 0.711282074 0.711282074 0.711282074 0.711282074 0.624936581 0.624936581 0.464627624 0.464627624 0.464627624 0.389005065 0.543028355 0.543028355 0.624936581 0.543028355 0.543028355 0.389005065 0.315570116 0.243829846 0.173359394 3.47542763E-02 3.47542763E-02 3.47542763E-02 3.47542763E-02 3.47542763E-02 3.47542763E-02 3.47542763E-02 3.47542763E-02 -3.40657234E-02 -3.40657234E-02 0.173359394 0.173359394 0.173359394 0.173359394 0.173359394 0.103782177 0.103782177 0.103782177 0.243829846 0.243829846 0.243829846 0.243829846 0.173359394 0.243829846 0.243829846 0.243829846 0.243829846 0.173359394 0.173359394 0.103782177 0.173359394 0.173359394
0.389005065 0.389005065 0.464627624 0.389005065 0.389005065 0.315570116 0.243829846 0.173359394 0.103782177 0.173359394 0.173359394 0.243829846 0.464627624 0.543028355 0.543028355 0.543028355 0.389005065 0.243829846 3.47542763E-02 -0.103089929 -0.103089929 -0.103089929 3.47542763E-02 3.47542763E-02 3.47542763E-02 3.47542763E-02 3.47542763E-02 3.47542763E-02 3.47542763E-02 -3.40657234E-02 -3.40657234E-02 0.173359394 0.173359394 0.173359394 0.173359394 0.173359394 0.173359394 0.103782177 -3.40657234E-02 -3.40657234E-02 3.47542763E-02 0.173359394 0.173359394 0.173359394 0.173359394 0.243829846 0.243829846 0.243829846 0.243829846 0.243829846 0.243829846 0.173359394 0.173359394
0.173359394 0.315570116 0.243829846 0.173359394 -3.40657234E-02 -0.172659755 -0.314845204 -0.388260841 -0.542228580 -0.243119478 -0.243119478 -0.103089929 3.47542763E-02 0.243829846 0.389005065 0.315570116 0.243829846 0.103782177 -0.103089929 -0.243119478 -0.243119478 -0.243119478 -0.243119478 -0.172659755 -3.40657234E-02 -0.103089929 -0.103089929 -0.103089929 3.47542763E-02 -3.40657234E-02 -3.40657234E-02 0.103782177 0.173359394 0.173359394 0.173359394 0.173359394 0.173359394 3.47542763E-02 -3.40657234E-02 -3.40657234E-02 -3.40657234E-02 0.103782177 0.173359394 0.173359394 0.173359394 0.173359394 0.173359394 0.243829846 0.315570116 0.243829846 0.243829846 0.173359394 0.173359394
-0.243119478 3.47542763E-02 3.47542763E-02 -0.172659755 -0.542228580 -0.802342713 -0.802342713 -0.901636541 -0.901636541 -0.710393012 -0.463858843 -0.314845204 -0.172659755 -0.103089929 -3.40657234E-02 0.103782177 0.103782177 3.47542763E-02 -0.103089929 -0.243119478 -0.243119478 -0.243119478 -0.243119478 -0.243119478 -0.243119478 -0.103089929 -0.103089929 -0.103089929 -3.40657234E-02 -0.103089929 -0.103089929 -3.40657234E-02 3.47542763E-02 0.103782177 0.103782177 0.173359394 0.173359394 3.47542763E-02 -3.40657234E-02 -3.40657234E-02 -3.40657234E-02 0.103782177 0.103782177 0.173359394 0.173359394 0.173359394 0.173359394 0.243829846 0.315570116 0.243829846 0.243829846 0.173359394 0.173359394
-0.542228580 -0.388260841 -0.388260841 -0.624097228 -0.624097228 -0.802342713 -0.802342713 -0.901636541 -0.802342713 -0.710393012 -0.388260841 -0.314845204 -0.172659755 -0.172659755 -0.103089929 -0.172659755 -0.172659755 -0.172659755 -0.172659755 -0.243119478 -0.243119478 -0.314845204 -0.243119478 -0.243119478 -0.243119478 -0.243119478 -0.103089929 -0.103089929 -0.172659755 -0.103089929 -0.103089929 -3.40657234E-02 3.47542763E-02 3.47542763E-02 0.103782177 0.103782177 0.103782177 -3.40657234E-02 -3.40657234E-02 -3.40657234E-02 -3.40657234E-02 -3.40657234E-02 -3.40657234E-02 0.103782177 0.173359394 0.173359394 0.173359394 0.103782177 0.103782177 0.173359394 0.243829846 0.243829846 0.243829846
-0.542228580 -0.542228580 -0.624097228 -0.624097228 -0.802342713 -0.802342713 -0.802342713 -0.901636541 -0.802342713 -0.710393012 -0.388260841 -0.314845204 -0.172659755 -0.172659755 -0.172659755 -0.172659755 -0.172659755 -0.172659755 -0.172659755 -0.314845204 -0.314845204 -0.314845204 -0.314845204 -0.314845204 -0.243119478 -0.243119478 -0.314845204 -0.314845204 -0.172659755 -0.172659755 -0.172659755 -0.103089929 -3.40657234E-02 -3.40657234E-02 -3.40657234E-02 3.47542763E-02 3.47542763E-02 -3.40657234E-02 -3.40657234E-02 -3.40657234E-02 -3.40657234E-02 -3.40657234E-02 -3.40657234E-02 -3.40657234E-02 0.103782177 0.173359394 0.103782177 0.103782177 3.47542763E-02 0.103782177 0.103782177 0.243829846 0.243829846
-0.710393012 -0.710393012 -0.901636541 -0.901636541 -0.901636541 -0.901636541 -0.901636541 -0.901636541 -0.802342713 -0.710393012 -0.388260841 -0.172659755 -0.172659755 -0.243119478 -0.243119478 -0.243119478 -0.243119478 -0.314845204 -0.314845204 -0.314845204 -0.314845204 -0.314845204 -0.314845204 -0.314845204 -0.314845204 -0.314845204 -0.243119478 -0.314845204 -0.172659755 -0.172659755 -0.103089929 -0.103089929 -0.103089929 -0.103089929 -0.103089929 -0.103089929 -0.103089929 -0.103089929 -3.40657234E-02 -0.103089929 -0.103089929 -0.103089929 -0.103089929 -0.103089929 3.47542763E-02 0.103782177 3.47542763E-02 3.47542763E-02 3.47542763E-02 3.47542763E-02 3.47542763E-02 0.103782177 0.103782177
-0.802342713 -0.901636541 -0.901636541 -0.901636541 -0.901636541 -0.901636541 -0.901636541 -0.802342713 -0.802342713 -0.542228580 -0.388260841 -0.172659755 -0.243119478 -0.243119478 -0.243119478 -0.542228580 -0.901636541 -1.01072168 -0.901636541 -0.901636541 -0.901636541 -0.624097228 -0.388260841 -0.388260841 -0.314845204 -0.314845204 -0.314845204 -0.314845204 -0.243119478 -0.172659755 -0.172659755 -0.172659755 -0.172659755 -0.103089929 -0.103089929 -0.103089929 -0.103089929 -0.103089929 -0.103089929 -0.103089929 -0.103089929 -0.103089929 -0.172659755 -0.172659755 -0.172659755 -3.40657234E-02 -3.40657234E-02 3.47542763E-02 3.47542763E-02 -3.40657234E-02 -3.40657234E-02 -3.40657234E-02 -3.40657234E-02
-0.901636541 -1.01072168 -1.01072168 -1.01072168 -1.01072168 -0.901636541 -0.901636541 -0.901636541 -0.802342713 -0.542228580 -0.463858843 -0.542228580 -0.463858843 -0.388260841 -0.542228580 -0.901636541 -1.01072168 -1.13337469 -1.13337469 -1.13337469 -1.13337469 -1.01072168 -0.463858843 -0.388260841 -0.388260841 -0.463858843 -0.463858843 -0.243119478 -0.243119478 -0.243119478 -0.172659755 -0.172659755 -0.172659755 -0.172659755 -0.103089929 -0.103089929 -0.103089929 -0.103089929 -0.172659755 -0.172659755 -0.172659755 -0.172659755 -0.172659755 -0.172659755 -0.172659755 -0.172659755 -0.172659755 -3.40657234E-02 -3.40657234E-02 -3.40657234E-02 -3.40657234E-02 -3.40657234E-02 -3.40657234E-02
-0.901636541 -1.01072168 -1.01072168 -1.01072168 -1.01072168 -1.01072168 -0.901636541 -0.901636541 -0.901636541 -0.802342713 -0.802342713 -0.802342713 -0.901636541 -0.901636541 -0.901636541 -1.01072168 -1.13337469 -1.27594364 -1.13337469 -1.13337469 -1.13337469 -1.01072168 -1.01072168 -0.710393012 -0.624097228 -0.542228580 -0.463858843 -0.314845204 -0.243119478 -0.172659755 -0.243119478 -0.172659755 -0.172659755 -0.172659755 -0.172659755 -0.103089929 -3.40657234E-02 -0.103089929 -0.172659755 -0.172659755 -0.172659755 -0.243119478 -0.172659755 -0.172659755 -0.172659755 -0.172659755 -0.172659755 -0.172659755 -0.103089929 -3.40657234E-02 -3.40657234E-02 -0.103089929 -0.103089929
-0.901636541 -1.13337469 -1.13337469 -1.01072168 -1.01072168 -1.01072168 -1.01072168 -1.01072168 -1.01072168 -1.01072168 -1.01072168 -1.01072168 -1.13337469 -1.27594364 -1.27594364 -1.13337469 -1.27594364 -1.27594364 -1.27594364 -1.27594364 -1.27594364 -1.01072168 -1.01072168 -1.01072168 -0.710393012 -0.542228580 -0.463858843 -0.243119478 -0.172659755 -0.103089929 -0.172659755 -0.172659755 -3.40657234E-02 -0.103089929 -0.103089929 -0.103089929 -0.172659755 -0.172659755 -0.172659755 -0.172659755 -0.243119478 -0.243119478 -0.243119478 -0.243119478 -0.243119478 -0.243119478 -0.172659755 -0.172659755 -0.172659755 -0.103089929 -0.103089929 -0.103089929 -0.103089929
-1.01072168 -1.13337469 -1.27594364 -1.45053482 -1.45053482 -1.45053482 -1.45053482 -1.45053482 -1.27594364 -1.13337469 -1.13337469 -1.27594364 -1.27594364 -1.27594364 -1.45053482 -1.45053482 -1.45053482 -1.45053482 -1.45053482 -1.27594364 -1.27594364 -1.01072168 -1.01072168 -0.901636541 -0.710393012 -0.624097228 -0.388260841 -0.388260841 -0.243119478 -0.243119478 -0.172659755 -0.103089929 -0.103089929 -3.40657234E-02 -0.103089929 -0.103089929 -0.243119478 -0.243119478 -0.243119478 -0.243119478 -0.314845204 -0.388260841 -0.314845204 -0.243119478 -0.243119478 -0.243119478 -0.243119478 -0.243119478 -0.314845204 -0.172659755 -0.172659755 -0.103089929 -0.103089929
